3300000
3300001
3300002
3300003
3300004
3300005
3300006
3300007
3300008
3300009
3300010
3300011
3300012
3300013
3300014
3300015
3300016
3300017
3300018
3300019
3300020
3300021
3300022
3300023
3300024
3300025
3300026
3300027
3300028
3300029
3300030
3300031
3300032
3300033
3300034
3300035
3300036
3300037
3300038
3300039
3300040
3300041
3300042
3300043
3300044
3300045
3300046
3300047
3300048
3300049
3300050
3300051
3300052
3300053
3300054
3300055
3300056
3300057
3300058
3300059
3300060
3300061
3300062
3300063
3300064
3300065
3300066
3300067
3300068
3300069
3300070
3300071
3300072
3300073
3300074
3300075
3300076
3300077
3300078
3300079
3300080
3300081
3300082
3300083
3300084
3300085
3300086
3300087
3300088
3300089
3300090
3300091
3300092
3300093
3300094
3300095
3300096
3300097
3300098
3300099
3300100
3300101
3300102
3300103
3300104
3300105
3300106
3300107
3300108
3300109
3300110
3300111
3300112
3300113
3300114
3300115
3300116
3300117
3300118
3300119
3300120
3300121
3300122
3300123
3300124
3300125
3300126
3300127
3300128
3300129
3300130
3300131
3300132
3300133
3300134
3300135
3300136
3300137
3300138
3300139
3300140
3300141
3300142
3300143
3300144
3300145
3300146
3300147
3300148
3300149
3300150
3300151
3300152
3300153
3300154
3300155
3300156
3300157
3300158
3300159
3300160
3300161
3300162
3300163
3300164
3300165
3300166
3300167
3300168
3300169
3300170
3300171
3300172
3300173
3300174
3300175
3300176
3300177
3300178
3300179
3300180
3300181
3300182
3300183
3300184
3300185
3300186
3300187
3300188
3300189
3300190
3300191
3300192
3300193
3300194
3300195
3300196
3300197
3300198
3300199
3300200
3300201
3300202
3300203
3300204
3300205
3300206
3300207
3300208
3300209
3300210
3300211
3300212
3300213
3300214
3300215
3300216
3300217
3300218
3300219
3300220
3300221
3300222
3300223
3300224
3300225
3300226
3300227
3300228
3300229
3300230
3300231
3300232
3300233
3300234
3300235
3300236
3300237
3300238
3300239
3300240
3300241
3300242
3300243
3300244
3300245
3300246
3300247
3300248
3300249
3300250
3300251
3300252
3300253
3300254
3300255
3300256
3300257
3300258
3300259
3300260
3300261
3300262
3300263
3300264
3300265
3300266
3300267
3300268
3300269
3300270
3300271
3300272
3300273
3300274
3300275
3300276
3300277
3300278
3300279
3300280
3300281
3300282
3300283
3300284
3300285
3300286
3300287
3300288
3300289
3300290
3300291
3300292
3300293
3300294
3300295
3300296
3300297
3300298
3300299
3300300
3300301
3300302
3300303
3300304
3300305
3300306
3300307
3300308
3300309
3300310
3300311
3300312
3300313
3300314
3300315
3300316
3300317
3300318
3300319
3300320
3300321
3300322
3300323
3300324
3300325
3300326
3300327
3300328
3300329
3300330
3300331
3300332
3300333
3300334
3300335
3300336
3300337
3300338
3300339
3300340
3300341
3300342
3300343
3300344
3300345
3300346
3300347
3300348
3300349
3300350
3300351
3300352
3300353
3300354
3300355
3300356
3300357
3300358
3300359
3300360
3300361
3300362
3300363
3300364
3300365
3300366
3300367
3300368
3300369
3300370
3300371
3300372
3300373
3300374
3300375
3300376
3300377
3300378
3300379
3300380
3300381
3300382
3300383
3300384
3300385
3300386
3300387
3300388
3300389
3300390
3300391
3300392
3300393
3300394
3300395
3300396
3300397
3300398
3300399
3300400
3300401
3300402
3300403
3300404
3300405
3300406
3300407
3300408
3300409
3300410
3300411
3300412
3300413
3300414
3300415
3300416
3300417
3300418
3300419
3300420
3300421
3300422
3300423
3300424
3300425
3300426
3300427
3300428
3300429
3300430
3300431
3300432
3300433
3300434
3300435
3300436
3300437
3300438
3300439
3300440
3300441
3300442
3300443
3300444
3300445
3300446
3300447
3300448
3300449
3300450
3300451
3300452
3300453
3300454
3300455
3300456
3300457
3300458
3300459
3300460
3300461
3300462
3300463
3300464
3300465
3300466
3300467
3300468
3300469
3300470
3300471
3300472
3300473
3300474
3300475
3300476
3300477
3300478
3300479
3300480
3300481
3300482
3300483
3300484
3300485
3300486
3300487
3300488
3300489
3300490
3300491
3300492
3300493
3300494
3300495
3300496
3300497
3300498
3300499
3300500
3300501
3300502
3300503
3300504
3300505
3300506
3300507
3300508
3300509
3300510
3300511
3300512
3300513
3300514
3300515
3300516
3300517
3300518
3300519
3300520
3300521
3300522
3300523
3300524
3300525
3300526
3300527
3300528
3300529
3300530
3300531
3300532
3300533
3300534
3300535
3300536
3300537
3300538
3300539
3300540
3300541
3300542
3300543
3300544
3300545
3300546
3300547
3300548
3300549
3300550
3300551
3300552
3300553
3300554
3300555
3300556
3300557
3300558
3300559
3300560
3300561
3300562
3300563
3300564
3300565
3300566
3300567
3300568
3300569
3300570
3300571
3300572
3300573
3300574
3300575
3300576
3300577
3300578
3300579
3300580
3300581
3300582
3300583
3300584
3300585
3300586
3300587
3300588
3300589
3300590
3300591
3300592
3300593
3300594
3300595
3300596
3300597
3300598
3300599
3300600
3300601
3300602
3300603
3300604
3300605
3300606
3300607
3300608
3300609
3300610
3300611
3300612
3300613
3300614
3300615
3300616
3300617
3300618
3300619
3300620
3300621
3300622
3300623
3300624
3300625
3300626
3300627
3300628
3300629
3300630
3300631
3300632
3300633
3300634
3300635
3300636
3300637
3300638
3300639
3300640
3300641
3300642
3300643
3300644
3300645
3300646
3300647
3300648
3300649
3300650
3300651
3300652
3300653
3300654
3300655
3300656
3300657
3300658
3300659
3300660
3300661
3300662
3300663
3300664
3300665
3300666
3300667
3300668
3300669
3300670
3300671
3300672
3300673
3300674
3300675
3300676
3300677
3300678
3300679
3300680
3300681
3300682
3300683
3300684
3300685
3300686
3300687
3300688
3300689
3300690
3300691
3300692
3300693
3300694
3300695
3300696
3300697
3300698
3300699
3300700
3300701
3300702
3300703
3300704
3300705
3300706
3300707
3300708
3300709
3300710
3300711
3300712
3300713
3300714
3300715
3300716
3300717
3300718
3300719
3300720
3300721
3300722
3300723
3300724
3300725
3300726
3300727
3300728
3300729
3300730
3300731
3300732
3300733
3300734
3300735
3300736
3300737
3300738
3300739
3300740
3300741
3300742
3300743
3300744
3300745
3300746
3300747
3300748
3300749
3300750
3300751
3300752
3300753
3300754
3300755
3300756
3300757
3300758
3300759
3300760
3300761
3300762
3300763
3300764
3300765
3300766
3300767
3300768
3300769
3300770
3300771
3300772
3300773
3300774
3300775
3300776
3300777
3300778
3300779
3300780
3300781
3300782
3300783
3300784
3300785
3300786
3300787
3300788
3300789
3300790
3300791
3300792
3300793
3300794
3300795
3300796
3300797
3300798
3300799
3300800
3300801
3300802
3300803
3300804
3300805
3300806
3300807
3300808
3300809
3300810
3300811
3300812
3300813
3300814
3300815
3300816
3300817
3300818
3300819
3300820
3300821
3300822
3300823
3300824
3300825
3300826
3300827
3300828
3300829
3300830
3300831
3300832
3300833
3300834
3300835
3300836
3300837
3300838
3300839
3300840
3300841
3300842
3300843
3300844
3300845
3300846
3300847
3300848
3300849
3300850
3300851
3300852
3300853
3300854
3300855
3300856
3300857
3300858
3300859
3300860
3300861
3300862
3300863
3300864
3300865
3300866
3300867
3300868
3300869
3300870
3300871
3300872
3300873
3300874
3300875
3300876
3300877
3300878
3300879
3300880
3300881
3300882
3300883
3300884
3300885
3300886
3300887
3300888
3300889
3300890
3300891
3300892
3300893
3300894
3300895
3300896
3300897
3300898
3300899
3300900
3300901
3300902
3300903
3300904
3300905
3300906
3300907
3300908
3300909
3300910
3300911
3300912
3300913
3300914
3300915
3300916
3300917
3300918
3300919
3300920
3300921
3300922
3300923
3300924
3300925
3300926
3300927
3300928
3300929
3300930
3300931
3300932
3300933
3300934
3300935
3300936
3300937
3300938
3300939
3300940
3300941
3300942
3300943
3300944
3300945
3300946
3300947
3300948
3300949
3300950
3300951
3300952
3300953
3300954
3300955
3300956
3300957
3300958
3300959
3300960
3300961
3300962
3300963
3300964
3300965
3300966
3300967
3300968
3300969
3300970
3300971
3300972
3300973
3300974
3300975
3300976
3300977
3300978
3300979
3300980
3300981
3300982
3300983
3300984
3300985
3300986
3300987
3300988
3300989
3300990
3300991
3300992
3300993
3300994
3300995
3300996
3300997
3300998
3300999
